// huffman tree
digraph {
	85821
	81375
	85821 -> 81375
	58064
	81375 -> 58064
	858
	58064 -> 858
	234
	858 -> 234
	624
	858 -> 624
	617
	624 -> 617
	561
	617 -> 561
	56
	617 -> 56
	7
	624 -> 7
	57206
	58064 -> 57206
	226
	57206 -> 226
	213
	226 -> 213
	13
	226 -> 13
	56980
	57206 -> 56980
	56656
	56980 -> 56656
	324
	56980 -> 324
	23311
	81375 -> 23311
	22720
	23311 -> 22720
	21358
	22720 -> 21358
	12
	21358 -> 12
	21346
	21358 -> 21346
	1362
	22720 -> 1362
	1356
	1362 -> 1356
	6
	1362 -> 6
	591
	23311 -> 591
	456
	591 -> 456
	135
	591 -> 135
	134
	135 -> 134
	1
	135 -> 1
	4446
	85821 -> 4446
	79
	4446 -> 79
	45
	79 -> 45
	34
	79 -> 34
	4367
	4446 -> 4367
	23
	4367 -> 23
	4344
	4367 -> 4344
	3714
	4344 -> 3714
	135
	3714 -> 135
	3579
	3714 -> 3579
	1234
	3579 -> 1234
	2345
	3579 -> 2345
	630
	4344 -> 630
	360
	630 -> 360
	4
	360 -> 4
	356
	360 -> 356
	270
	630 -> 270
	245
	270 -> 245
	25
	270 -> 25
}
